tf_results_t=3_k=2



[[0.5529375 0.308875  0.2119375 0.1778125 0.164875  0.1534375]
 [0.460375  0.2846875 0.198875  0.18175   0.172875  0.1705625]
 [0.438625  0.2795625 0.1798125 0.17325   0.169625  0.16975  ]
 [0.5515    0.2873125 0.1698125 0.16425   0.158875  0.1504375]]
 
[[0.23633919 0.21113751 0.10699954 0.03855673 0.03133464 0.0300764 ]
 [0.18651035 0.1979048  0.10320028 0.05155155 0.03026214 0.02135626]
 [0.19459971 0.19644965 0.07504871 0.0513572  0.02356872 0.02240815]
 [0.2334241  0.22172786 0.04664154 0.03590439 0.01549143 0.01773844]]


